accuracy: 0.6403669724770642
f1: 0.7807606263982103
mcc: 0.0