accuracy: 0.6813725490196079
f1: 0.8104956268221575
mcc: 0.0